function [ELJager0, ELJager90, ETJager0,ETJager90,GLTJager0,GLTJager90,nuttJager0,nuttJager90] = importJagerFigure4()
% Imports the data shown in Figure 4 of
%
% [1] Jäger A, Bader T, Hofstetter K, Eberhardsteiner J. 
%     The relation between indentation modulus, microfibril angle, and elastic properties of wood cell walls. 
%     Compos Part A Appl Sci Manuf 2011;42:677–85. https://doi.org/10.1016/j.compositesa.2011.02.007.
%
%
    ELJager90 = 1e0.*[  30.00  10.01
                        32.65  10.07
                        35.24  10.04
                        37.94  10.07
                        40.58  10.09
                        43.17  10.07
                        45.82  10.09
                        48.47  10.09
                        51.06  10.09
                        53.70  10.12
                        56.35  10.12
                        58.99  10.12
                        61.69  10.15
                        64.18  10.12
                        66.93  10.15
                        69.58  10.12
                        72.22  10.17
                        74.81  10.17
                        77.51  10.17
                        80.00  10.12];
ELJager0 = 1e0.*[   29.95  17.12
                    32.65  17.86
                    35.29  18.61
                    37.99  19.35
                    40.53  20.04
                    43.12  20.68
                    45.87  21.37
                    48.47  22.00
                    51.06  22.64
                    53.76  23.22
                    56.46  23.81
                    58.99  24.39
                    61.64  24.95
                    64.23  25.50
                    66.88  26.06
                    69.58  26.62
                    72.06  27.15
                    74.81  27.68
                    77.41  28.16
                    79.95  28.63];

ETJager90 = 1e0.*[  5.01 5.97
                    5.53 6.42
                    6.05 6.87
                    6.59 7.32
                    7.10 7.74
                    7.65 8.19
                    8.16 8.61
                    8.68 9.03
                    9.21 9.45
                    9.73 9.87
                    10.26 10.27
                    10.79 10.69
                    11.32 11.09
                    11.84 11.48
                    12.38 11.88
                    12.90 12.30
                    13.41 12.67
                    13.95 13.06
                    14.47 13.43
                    14.97 13.83];

ETJager0 = 1e0.*[   4.99 22.50
                    5.51 22.63
                    6.06 22.79
                    6.57 22.92
                    7.09 23.02
                    7.62 23.13
                    8.15 23.21
                    8.68 23.29
                    9.19 23.37
                    9.72 23.42
                    10.25 23.52
                    10.78 23.60
                    11.30 23.63
                    11.83 23.71
                    12.36 23.76
                    12.88 23.84
                    13.41 23.89
                    13.93 23.95
                    14.46 23.95
                    14.98 24.03];

GLTJager90 = 1e0*[  1.00 7.99
                    1.21 8.33
                    1.42 8.62
                    1.63 8.85
                    1.84 9.09
                    2.05 9.30
                    2.26 9.51
                    2.48 9.69
                    2.68 9.85
                    2.89 10.01
                    3.10 10.16
                    3.32 10.27
                    3.53 10.45
                    3.74 10.56
                    3.95 10.66
                    4.15 10.82
                    4.37 10.90
                    4.57 11.06
                    4.79 11.13
                    5.00 11.26];
GLTJager0 = 1e0*[   1.00 14.52
                    1.21 15.80
                    1.42 16.95
                    1.63 18.05
                    1.84 19.08
                    2.05 19.99
                    2.26 20.86
                    2.47 21.67
                    2.68 22.43
                    2.89 23.17
                    3.10 23.85
                    3.32 24.50
                    3.52 25.10
                    3.73 25.66
                    3.95 26.23
                    4.16 26.76
                    4.36 27.28
                    4.57 27.75
                    4.78 28.28
                    4.99 28.70];
nuttJager90 = [1 1e0].*[0.01 9.83
                        0.04 9.86
                        0.06 9.91
                        0.09 9.86
                        0.11 9.91
                        0.14 9.91
                        0.16 9.97
                        0.19 9.99
                        0.22 10.02
                        0.24 10.10
                        0.27 10.07
                        0.29 10.13
                        0.32 10.18
                        0.35 10.23
                        0.37 10.28
                        0.40 10.34
                        0.42 10.39
                        0.45 10.47
                        0.47 10.52
                        0.50 10.60];
nuttJager0 = [1 1e0].*[0.01 23.34
                        0.04 23.36
                        0.06 23.36
                        0.09 23.39
                        0.11 23.41
                        0.14 23.41
                        0.16 23.41
                        0.19 23.47
                        0.22 23.47
                        0.24 23.49
                        0.27 23.49
                        0.29 23.55
                        0.32 23.57
                        0.34 23.63
                        0.37 23.65
                        0.40 23.65
                        0.42 23.71
                        0.45 23.73
                        0.47 23.76
                        0.50 23.84];